37.2415345,126.7744887
37.2415345,126.7744887
37.2415345,126.7744888
37.2415345,126.7744888
37.2415345,126.7744888
37.2415347,126.7744889
37.2415345,126.7744889
37.2415348,126.774489
37.2415359,126.7744892
37.2415384,126.7744896
37.2415424,126.7744904
37.2415456,126.774491
37.2415489,126.7744916
37.2415516,126.7744922
37.2415559,126.7744931
37.2415613,126.7744941
37.2415681,126.7744956
37.2415749,126.7744972
37.2415831,126.7744994
37.2415907,126.774501
37.2415993,126.774503
37.2416072,126.7745062
37.2416158,126.7745093
37.2416238,126.7745118
37.241632,126.7745139
37.2416397,126.7745159
37.2416469,126.7745177
37.2416534,126.7745195
37.2416591,126.774521
37.2416649,126.7745224
37.2416702,126.7745236
37.2416758,126.7745251
37.2416846,126.7745276
37.2416938,126.7745301
37.2417026,126.7745323
37.2417131,126.7745349
37.2417234,126.7745373
37.2417347,126.7745398
37.241747,126.7745417
37.241761,126.7745425
37.2417745,126.7745423
37.241786,126.7745424
37.2417979,126.7745428
37.2418099,126.774544
37.2418212,126.7745462
37.2418318,126.7745485
37.2418417,126.7745505
37.241852,126.7745524
37.2418612,126.7745539
37.2418707,126.7745546
37.2418798,126.774555
37.2418888,126.7745556
37.2418968,126.7745565
37.2419053,126.7745577
37.2419132,126.7745591
37.2419202,126.7745601
37.2419273,126.774561
37.2419343,126.7745621
37.2419408,126.7745631
37.2419474,126.7745641
37.2419539,126.774565
37.2419599,126.7745654
37.2419658,126.7745652
37.2419705,126.7745641
37.2419731,126.7745629
37.2419762,126.7745617
37.2419792,126.7745605
37.2419826,126.7745591
37.2419877,126.774557
37.2419934,126.7745541
37.2419995,126.7745513
37.2420067,126.7745486
37.2420182,126.7745433
37.2420257,126.7745423
37.242033,126.7745415
37.2420394,126.7745412
37.2420456,126.7745412
37.2420516,126.7745416
37.2420574,126.7745421
37.2420628,126.7745427
37.2420689,126.7745434
37.2420743,126.7745443
37.2420812,126.7745454
37.2420879,126.7745465
37.2420946,126.7745477
37.2421012,126.7745484
37.2421069,126.7745486
37.2421128,126.7745488
37.2421181,126.7745491
37.2421236,126.7745494
37.2421314,126.7745498
37.2421411,126.7745504
37.2421499,126.7745509
37.2421613,126.7745511
37.2421728,126.7745515
37.2421846,126.7745509
37.2421963,126.7745503
37.242208,126.7745505
37.2422194,126.7745515
37.2422304,126.7745536
37.2422412,126.7745561
37.2422522,126.7745579
37.242264,126.7745593
37.2422759,126.7745605
37.2422866,126.7745613
37.2422981,126.7745621
37.2423091,126.7745624
37.2423199,126.7745625
37.2423303,126.7745628
37.2423391,126.7745627
37.2423477,126.7745625
37.2423562,126.7745621
37.2423646,126.7745621
37.2423743,126.7745621
37.2423837,126.7745621
37.2423935,126.7745623
37.2424048,126.7745626
37.2424144,126.7745613
37.2424231,126.7745583
37.2424316,126.7745551
37.2424398,126.7745528
37.2424482,126.7745516
37.2424561,126.7745507
37.2424623,126.77455
37.242465,126.7745497
37.2424652,126.7745497
