37.238951,126.772977
37.238986,126.773
37.239025,126.773026
37.239056,126.773047
37.239076,126.77306
37.23911,126.773081
37.239141,126.773102
37.239169,126.773119
37.239187,126.773132
37.239206,126.773144
37.239222,126.773154
37.239242,126.773167
37.239262,126.77318
37.2392801,126.773193
37.2393,126.773206
37.239319,126.773218
37.239337,126.77323
37.239356,126.773242
37.2393688,126.7732512
37.23939965,126.7732713
37.23942468,126.7732874
37.23944927,126.7733044
37.23947654,126.7733209
37.2395,126.773337
37.23952548,126.7733535
37.23955499,126.773375
37.23958494,126.7733929
37.23961355,126.7734112
37.23963769,126.7734282
37.23965289,126.7734362
37.23966853,126.7734483
37.23968194,126.7734577
37.23969625,126.7734662
37.239711,126.7734751
37.23972396,126.7734863
37.23973916,126.7734943
37.23975168,126.7735037
37.23976598,126.7735122
37.23977761,126.7735207
37.23978923,126.7735279
37.23979951,126.7735346
37.23981069,126.7735422
37.23982186,126.7735489
37.23983348,126.773556
37.23984466,126.7735641
37.23985494,126.7735708
37.23986567,126.7735779
37.23987685,126.7735846
37.23988757,126.7735918
37.23989786,126.7735989
37.23990993,126.7736056
37.23992021,126.7736128
37.23993183,126.7736208
37.23994211,126.7736276
37.23995284,126.7736352
37.2399667,126.7736428
37.23997877,126.7736508
37.23999173,126.7736593
37.24000335,126.7736673
37.24001542,126.7736758
37.24002571,126.7736839
37.24003643,126.7736897
37.2400485,126.7736968
37.24006326,126.7737067
37.24007532,126.7737161
37.24008695,126.7737232
37.2401017,126.7737326
37.24011466,126.7737411
37.24012852,126.77375
37.24014104,126.773759
37.2401549,126.7737675
37.24016786,126.7737769
37.24018306,126.7737862
37.24019692,126.7737947
37.24021122,126.7738037
37.24022508,126.7738131
37.24023759,126.7738207
37.24025235,126.7738309
37.24026755,126.7738412
37.24028006,126.7738506
37.24029615,126.77386
37.24031135,126.7738694
37.24032566,126.7738792
37.24033818,126.7738873
37.24035382,126.7738976
37.24036768,126.7739078
37.2403802,126.7739159
37.24039316,126.7739239
37.24040657,126.7739315
37.24041738,126.7739392
37.24042896,126.7739467
37.24043886,126.7739538
37.24044895,126.7739607
37.24045811,126.7739673
37.24046894,126.7739736
37.24047698,126.7739796
37.24048595,126.773985
37.24049454,126.7739912
37.24050426,126.7739975
37.24052163,126.7740099
37.24053807,126.7740211
37.24055638,126.7740327
37.24057058,126.7740416
37.24058441,126.774051
37.24059674,126.7740592
37.24060982,126.77407
37.24062589,126.7740801
37.24063747,126.7740876
37.24065205,126.774098
37.24066662,126.7741063
37.24068119,126.7741164
37.240696,126.774125
37.2407101,126.774133
37.2407227,126.774141
37.240733,126.774149
37.240745,126.774156
37.240758,126.774165
37.24077,126.774173
37.2407821,126.774181
37.240794,126.774188
37.240806,126.774196
37.240819,126.774204
37.24083,126.774211
37.240843,126.774219
37.240855,126.774226
37.240868,126.774234
37.24088,126.774242
37.240893,126.774249
37.2409058,126.774257
37.240917,126.774264
37.24093,126.774271
37.240943,126.774278
37.240955,126.774285
37.240968,126.774292
37.240981,126.7743
37.240994,126.774307
37.2410069,126.774314
37.241019,126.77432
37.241032,126.774328
37.241045,126.774334
37.241058,126.774341
37.24107,126.774347
37.241083,126.774354
37.241097,126.774361
37.24111,126.774367
37.241124,126.774373
37.241137,126.774379
37.241151,126.774385
37.241164,126.774392
37.241177,126.774397
37.241191,126.774403
37.241205,126.774409
37.241218,126.774414
37.241232,126.77442
37.241246,126.774425
37.241259,126.77443
37.241273,126.774435
37.241287,126.77444
37.241301,126.774444
37.241315,126.774449
37.241329,126.774453
37.241342,126.774457
37.241356,126.77446
37.2413702,126.774464
37.241384,126.774467
37.241398,126.774468
37.241456,126.774475
37.241467,126.774476
37.241412,126.774471
37.2414276,126.774472
37.241442,126.774474
37.24147788,126.7744773
37.24149357,126.7744777
37.2415059,126.7744777
37.24151973,126.7744792
37.24153393,126.7744803
37.24155075,126.7744811
37.24156868,126.7744807
37.24158363,126.7744803
37.24159932,126.7744807
37.24161651,126.7744807
37.24163445,126.7744803
37.24165201,126.7744811
37.2416692,126.7744814
37.24168676,126.7744878
37.24170657,126.7744964
37.24172077,126.7745042
37.24173684,126.7745125
37.24175216,126.7745173
37.24176897,126.7745192
37.24178467,126.7745222
37.24179962,126.7745252
37.24181606,126.774527
37.24183213,126.7745278
37.24184819,126.77453
37.24186277,126.7745319
37.24187659,126.7745338
37.24188892,126.7745353
37.24190312,126.7745367
37.24191508,126.7745382
37.24192779,126.7745394
37.24194012,126.7745412
37.24195581,126.7745427
37.24197151,126.7745461
37.2419887,126.7745472
37.24200738,126.7745483
37.24201897,126.7745483
37.24203503,126.7745476
37.24205932,126.7745483
37.24207539,126.774548
37.24209071,126.7745472
37.24210416,126.7745472
37.24211799,126.7745472
37.24213182,126.7745465
37.24214527,126.7745457
37.24215723,126.7745446
37.2421718,126.7745442
37.24218264,126.7745446
37.24219609,126.7745446
37.24220805,126.7745442
37.24222412,126.7745442
37.24223906,126.7745438
37.24225251,126.7745423
37.24226634,126.7745423
37.24227979,126.7745416
37.24229287,126.7745409
37.2423052,126.7745409
37.2423209,126.7745397
37.24233435,126.7745397
37.2423478,126.7745386
37.242362,126.774539
37.24237658,126.7745379
37.24238853,126.7745375
37.24240199,126.7745364
37.24241581,126.774536
37.2424274,126.774536
37.2424416,126.7745356
37.24245617,126.7745349
37.24246925,126.7745353
37.24248195,126.7745345
37.24249429,126.7745341
37.24250849,126.774533
37.24252306,126.7745326
37.24253913,126.7745323
37.24255258,126.7745323
37.24256566,126.7745319
37.24258173,126.7745323
37.24259555,126.7745334
37.2426105,126.7745356
37.24262433,126.7745382
37.24264077,126.7745423
37.24265497,126.7745498
37.2426673,126.7745569
37.24267739,126.7745655
37.24269047,126.7745786
37.24270317,126.7745943
37.24271289,126.7746122
37.24272186,126.7746335
37.24272858,126.7746545
37.24272933,126.7746739
37.24273045,126.7746937
37.2427297,126.7747113
37.24273045,126.7747307
37.24273045,126.7747512
37.24273157,126.7747718
37.24273195,126.7747912
37.2427312,126.774811
37.24273344,126.7748331
37.24273232,126.7748525
37.24273232,126.7748734
37.24273008,126.774897
37.24272223,126.7749175
37.24270803,126.7749362
37.24269196,126.7749508
37.24267253,126.7749564
37.24265534,126.7749571
37.24264002,126.7749583
37.24261573,126.7749601
37.24259854,126.7749601
37.24258023,126.7749609
37.24255706,126.7749624
37.24252829,126.7749642
37.24249989,126.7749642
37.2424685,126.7749654
37.24244309,126.7749668
37.24241133,126.7749672
37.24238816,126.7749683
37.24236312,126.7749695
37.24233846,126.7749702
37.24231641,126.7749713
37.24229511,126.7749717
37.24227381,126.7749728
37.24225065,126.7749728
37.24222636,126.7749743
37.24220394,126.7749754
37.24218376,126.7749762
37.24216208,126.7749773
37.24214228,126.7749773
37.24212472,126.7749784
37.24210753,126.7749796
37.24208847,126.7749796
37.24206717,126.774981
37.24204886,126.7749822
37.24203092,126.7749825
37.24201112,126.7749825
37.24199169,126.7749837
37.2419745,126.7749844
37.2419588,126.7749859
37.24194348,126.7749855
37.24192667,126.774987
37.24190761,126.774987
37.24188556,126.774987
37.24186538,126.7749881
37.24184446,126.7749878
37.2418254,126.7749863
37.24180522,126.7749822
37.24179027,126.7749762
37.24177682,126.7749691
37.24176374,126.7749594
37.24175216,126.7749474
37.24174282,126.7749362
37.24173273,126.7749224
37.24172525,126.7749044
37.24172152,126.7748888
37.24171741,126.7748686
37.24171479,126.7748529
37.24171367,126.7748323
37.24171217,126.7748144
37.24171255,126.7747965
37.24171105,126.7747845
37.24171105,126.7747654
37.24171105,126.7747475
37.24171105,126.7747322
37.24171068,126.7747165
37.24171068,126.7747034
37.24170956,126.7746881
37.24170919,126.7746705
37.24170919,126.7746533
37.24170956,126.7746346
37.24170919,126.7746163
37.24171143,126.7745954
37.2417118,126.7745775
37.24171554,126.7745577
37.24172563,126.7745453
37.2417402,126.7745315
37.24175365,126.7745222
37.24176897,126.7745207
37.24178168,126.7745207
37.24179663,126.7745237
37.24181382,126.7745263
37.24182951,126.774527
37.24184707,126.77453
37.24186053,126.7745315
37.2418751,126.7745326
37.24188892,126.7745356
37.2419035,126.7745364
37.24191546,126.7745386
37.24192853,126.7745397
37.241940493,126.7745423
37.24195544,126.7745442
37.24197151,126.7745457
37.2419887,126.7745472
37.24200589,126.7745487
37.24201747,126.7745494
37.24203391,126.7745476
37.24205446,126.7745483
37.24207278,126.774548
37.24208996,126.7745476
37.24210416,126.7745487
37.24211911,126.7745476
37.24213219,126.7745476
37.24214527,126.7745468
37.24215723,126.774545
37.2421718,126.774545
37.24218264,126.7745453
37.24219646,126.7745446
37.24220917,126.7745446
37.24222449,126.7745446
37.24223906,126.7745446
37.24225177,126.7745431
37.24226671,126.7745427
37.24227942,126.7745423
37.24229399,126.7745409
37.24230931,126.7745405
37.24232538,126.7745405
37.24234182,126.7745394
37.24235715,126.774539
37.24237321,126.7745379
37.24238741,126.7745375
37.24240124,126.774536
37.24241731,126.774536
37.24243338,126.7745364
37.24245729,126.7745345
37.24248009,126.7745345
37.24249727,126.7745345
37.24251708,126.7745334
37.24253502,126.7745326
37.24255183,126.7745323
37.24256939,126.7745315
37.24258135,126.7745323
37.24259929,126.7745315
37.24262134,126.7745296
37.2426389,126.7745293
37.24266207,126.7745285
37.24268299,126.7745285
37.24270691,126.7745285
37.24273381,126.7745263
37.24276147,126.774527
37.24278837,126.774524
37.24281154,126.7745255
37.2428306,126.7745229
37.24285003,126.7745229
37.24287058,126.7745218
37.24289113,126.7745207
37.24291355,126.7745203
37.24293896,126.7745199
37.24295952,126.7745173
37.24298306,126.7745177
37.24300174,126.7745173
37.24302043,126.7745181
37.24303388,126.7745083
37.24304434,126.7745001
37.24305742,126.7744919
37.24306975,126.7744859
37.24308096,126.7744796
37.24309404,126.7744758
37.24310637,126.7744751
37.2431187,126.7744743
37.24313103,126.7744736
37.24314411,126.774474
37.24315906,126.7744736
37.24317363,126.7744732
37.24318933,126.7744721
37.24320315,126.7744714
37.24322184,126.7744706
37.24323865,126.7744706
37.24325323,126.7744702
37.24327079,126.7744699
37.24328499,126.7744699
37.24330069,126.7744684
37.24331563,126.7744687
37.2433332,126.7744672
37.24334964,126.7744676
37.24337131,126.7744665
37.24339149,126.7744657
37.24340756,126.7744646
37.2434296,126.7744616
37.24344567,126.7744613
37.2434666,126.7744583
37.24348491,126.7744594
37.24350359,126.7744572
37.24352003,126.774456
37.2435361,126.7744553
37.24355628,126.774453
37.24357011,126.774453
37.24358954,126.7744519
37.24360673,126.7744504
37.24362429,126.7744486
37.24364223,126.7744478
37.24366203,126.7744471
37.24368408,126.7744452
37.24370351,126.7744437
37.24373453,126.7744411
37.24375097,126.7744398
37.24376423,126.774439
37.24377619,126.7744388
37.24378983,126.7744373
37.24380216,126.7744368
37.24381804,126.7744357
37.24383,126.7744278
37.24384215,126.7744168
37.24385205,126.7744026
37.24386195,126.7743867
37.24386868,126.7743751
37.24387335,126.77436
37.24387895,126.7743406
37.24387914,126.7743275
37.2438754,126.7743124
37.24387148,126.7742972
37.24386961,126.7742817
37.24386886,126.7742666
37.24386886,126.7742522
37.24386812,126.7742354
37.24386737,126.7742182
37.24386718,126.7742021
37.24386718,126.7741872
37.24386662,126.7741713
37.24386588,126.7741565
37.24386588,126.7741392
37.2438655,126.7741244
37.24386494,126.7741081
37.24386401,126.7740904
37.24386401,126.7740749
37.24386382,126.7740609
37.24386345,126.7740469
37.24386307,126.7740312
37.24386214,126.7740156
37.24386214,126.7740016
37.24386214,126.7739872
37.24386176,126.7739727
37.24386176,126.7739587
37.2438612,126.7739448
37.24386102,126.7739265
37.24386008,126.7739067
37.24385952,126.7738912
37.24385915,126.7738742
37.2438584,126.7738578
37.24385691,126.7738419
37.2438556,126.7738277
37.2438528,126.7738127
37.24384887,126.7737954
37.24384495,126.7737799
37.24383897,126.7737647
37.24383336,126.7737524
37.24382683,126.7737416
37.2438186,126.7737281
37.24380926,126.7737176
37.24380198,126.7737079
37.24379226,126.7736997
37.24378068,126.7736909
37.2437704,126.7736844
37.24375863,126.7736788
37.24374648,126.7736745
37.24373453,126.7736713
37.24372257,126.7736698
37.24371042,126.7736689
37.24369884,126.7736687
37.24368688,126.7736685
37.24367268,126.7736691
37.24365942,126.7736696
37.24364634,126.7736696
37.24363531,126.7736704
37.24362205,126.7736706
37.24360729,126.7736707
37.24359365,126.7736711
37.24357721,126.7736719
37.24356058,126.773673
37.24354507,126.7736726
37.24352433,126.7736722
37.24350397,126.7736722
37.24348566,126.7736726
37.24346548,126.7736728
37.24344436,126.7736726
37.24342848,126.773673
37.24340774,126.7736743
37.24338794,126.773675
37.24336608,126.7736754
37.24334441,126.773676
37.24332348,126.7736762
37.24330143,126.7736765
37.24328032,126.7736775
37.24325995,126.7736788
37.24323903,126.7736797
37.24321679,126.773681
37.24319774,126.773681
37.24317662,126.7736825
37.24315532,126.7736829
37.24313683,126.7736836
37.24311982,126.773684
37.2431032,126.7736853
37.243086567,126.7736857
37.24306994,126.7736859
37.24305181,126.7736863
37.24303033,126.773687
37.24301164,126.7736883
37.24299389,126.7736892
37.24297409,126.7736904
37.24295167,126.77369
37.24293373,126.7736917
37.2429158,126.7736922
37.24289337,126.773693
37.24287039,126.7736978
37.24284872,126.773699
37.24283321,126.773701
37.24281453,126.7737049
37.24279398,126.7737128
37.24277417,126.7737268
37.24276072,126.773747
37.24275362,126.7737696
37.24274932,126.7737989
37.24274708,126.7738288
37.24274708,126.7738578
37.24274671,126.7738847
37.24274615,126.7739052
37.24274671,126.7739344
37.24274652,126.7739572
37.24274783,126.77398
37.24274839,126.7740082
37.24274895,126.7740319
37.24275007,126.7740543
37.24274988,126.7740764
37.24275082,126.7741033
37.24275194,126.7741322
37.24275194,126.7741558
37.24275212,126.7741808
37.24275194,126.7742044
37.24275287,126.7742281
37.24275231,126.7742509
37.24274857,126.774286
37.24273792,126.7743109
37.24272223,126.7743299
37.24270429,126.7743437
37.24268262,126.7743557
37.24265758,126.7743624
37.24263516,126.774365
37.24260975,126.7743684
37.24257799,126.7743718
37.24254697,126.7743688
37.2425197,126.7743688
37.24249877,126.774371
37.24247448,126.774371
37.24244496,126.7743733
37.24241768,126.7743736
37.24238891,126.774374
37.24236163,126.7743755
37.2423336,126.7743759
37.24230894,126.7743774
37.24228428,126.774377
37.24225812,126.7743785
37.24223084,126.7743792
37.24220693,126.7743807
37.24218002,126.7743815
37.24215312,126.7743819
37.24212509,126.7743833
37.24209819,126.7743841
37.242070159,126.7743856
37.24203615,126.7743867
37.24201261,126.7743871
37.24198795,126.774389
37.24196478,126.7743893
37.24193825,126.7743897
37.2419162,126.7743912
37.24189154,126.7743919
37.24186912,126.7743927
37.24184595,126.7743934
37.24182577,126.7743934
37.24180858,126.7743946
37.24178803,126.7743942
37.24176897,126.7743949
37.24174992,126.7743942
37.2417275,126.7743946
37.24170283,126.7743946
37.24168789,126.7743944
37.24166864,126.774394
37.24165257,126.7743938
37.24163688,126.7743944
37.24162156,126.774394
37.2416068,126.774394
37.24158849,126.7743938
37.24157261,126.7743944
37.24155728,126.774394
37.24154066,126.7743936
37.24152365,126.7743934
37.24151114,126.7743934
37.24149507,126.7743929
37.24148012,126.7743919
37.24146405,126.774391
37.24145097,126.7743895
37.24143285,126.7743878
37.24141566,126.774386
37.24140258,126.7743847
37.24138726,126.7743824
37.24137343,126.7743787
37.24135755,126.7743746
37.24134298,126.774371
37.24132728,126.774365
37.24131084,126.7743611
37.24129403,126.7743548
37.24127422,126.7743475
37.24125778,126.7743415
37.24124078,126.774335
37.24122658,126.7743288
37.2412135,126.7743236
37.24119911,126.774318
37.24118192,126.7743107
37.24116473,126.7743019
37.24114549,126.7742931
37.24112326,126.7742817
37.24110513,126.7742742
37.24108906,126.774266
37.24107075,126.7742559
37.241053,126.7742468
37.24103638,126.774238
37.24102105,126.77423
37.24100685,126.7742229
37.24099097,126.7742135
37.24097547,126.7742047
37.24095921,126.7741954
37.24093941,126.774184
37.24092502,126.7741743
37.24090802,126.7741644
37.24088933,126.7741535
37.2408742,126.7741446
37.24086131,126.7741365
37.24084318,126.7741261
37.24082712,126.7741158
37.24081348,126.7741076
37.24079797,126.7740967
37.24078489,126.7740881
37.24077106,126.7740784
37.2407535,126.7740674
37.24073893,126.7740584
37.24072361,126.7740485
37.24071053,126.7740403
37.24069857,126.7740313
37.2406825,126.7740218
37.24066774,126.7740138
37.24065298,126.7740057
37.24063897,126.7739977
37.24062439,126.7739908
37.24060683,126.773982
37.2405945,126.7739747
37.24058161,126.7739682
37.24056591,126.7739594
37.2405519,126.7739525
37.24053807,126.7739445
37.24052369,126.773937
37.24050874,126.7739288
37.24049398,126.7739211
37.24047922,126.7739123
37.24046502,126.773905
37.24045194,126.7738983
37.2404411,126.773891
37.24043064,126.7738839
37.24041625,126.7738746
37.24040206,126.7738652
37.24039318,126.7738597
37.24038421,126.7738539
37.2403745,126.7738478
37.240366275,126.7738424
37.24035712,126.7738356
37.24034853,126.7738295
37.24033862,126.7738231
37.24033022,126.7738179
37.24032106,126.7738115
37.2403106,126.7738042
37.24030182,126.7738003
37.2402921,126.7737934
37.24028257,126.7737876
37.24027342,126.7737811
37.2402637,126.7737747
37.24025417,126.7737691
37.24024539,126.7737616
37.24023698,126.773756
37.24022708,126.7737502
37.24021923,126.7737453
37.24021148,126.7737402
37.24020326,126.7737348
37.24019485,126.7737291
37.24018532,126.7737232
37.24017561,126.7737166
37.24016832,126.7737119
37.24015954,126.773706
37.2401502,126.7737002
37.24014104,126.7736931
37.24013207,126.773688
37.2401246,126.773683
37.24011712,126.7736776
37.24010778,126.773672
37.24010012,126.7736667
37.24009265,126.7736624
37.24008461,126.7736568
37.24007583,126.7736514
37.2400663,126.7736449
37.24005976,126.7736406
37.24005192,126.7736352
37.24004071,126.7736282
37.24003305,126.7736228
37.24002427,126.7736178
37.24001492,126.7736122
37.24000838,126.7736077
37.2399996,126.773601
37.23998989,126.7735948
37.23998036,126.7735883
37.23997008,126.7735828
37.23995981,126.773575
37.23995102,126.7735696
37.2399415,126.773563
37.2399329,126.7735576
37.23992281,126.7735513
37.23991347,126.7735449
37.23990413,126.7735387
37.2398946,126.7735322
37.23988432,126.773526
37.23987629,126.7735216
37.23986938,126.7735169
37.2398619,126.7735124
37.23985349,126.7735062
37.23984453,126.7734997
37.23983518,126.7734933
37.23982771,126.7734881
37.23981912,126.7734829
37.23981033,126.7734773
37.23980211,126.7734713
37.23979314,126.7734655
37.23978343,126.7734597
37.23977539,126.7734537
37.23976568,126.7734479
37.23975559,126.773441
37.23974102,126.7734309
37.23973037,126.7734253
37.23971953,126.7734175
37.23970795,126.77341
37.23969561,126.7734014
37.2396831,126.7733934
37.23967189,126.7733865
37.23965881,126.7733782
37.23964872,126.7733715
37.23963601,126.7733631
37.23962349,126.7733541
37.23961154,126.773347
37.23960201,126.7733399
37.23959042,126.7733323
37.23957847,126.7733244
37.23956632,126.7733168
37.2395538,126.7733087
37.23954147,126.7733001
37.23952671,126.7732906
37.23951214,126.7732813
37.23950093,126.7732731
37.23948766,126.7732654
37.23947589,126.7732577
37.23946412,126.7732493
37.2394531,126.7732428
37.23943983,126.7732338
37.23942713,126.7732256
37.23941405,126.7732164
37.2394019,126.7732086
37.23938994,126.7732
37.23937444,126.7731918
37.23936024,126.7731817
37.23934454,126.7731716
37.23932511,126.7731596
37.23930904,126.7731477
37.239294,126.773138
37.239281,126.77313
37.239272,126.773124
37.239263,126.773117
37.239253,126.773111
37.239244,126.773105
37.239234,126.773099
37.239225,126.773093
37.2392162,126.773087
37.2392076,126.773081
37.239198,126.773075
37.239189,126.77307
37.239181,126.773064
37.239173,126.773059
37.239165,126.773054
37.239157,126.773048
37.239148,126.773042
37.239138,126.773036
37.23913,126.77303
37.239121,126.773025
37.2391131,126.773019
37.239103,126.773013
37.239097,126.773008
37.239088,126.773003
37.23908,126.772997
37.239071,126.772991
37.239061,126.772985
37.239052,126.772979
37.239043,126.772973
37.239035,126.772968
37.239027,126.772963
37.239019,126.772957
37.239009,126.772951
37.239,126.772945
37.238989,126.772938
37.238978,126.772931
37.238966,126.772923
37.238955,126.772915
37.238943,126.772907
37.238932,126.772899