37.238951,126.772977
37.238986,126.773
37.239025,126.773026
37.239056,126.773047
37.239096,126.773071
37.239126,126.773093
37.239158,126.773113
37.239178,126.773125
37.2391974,126.773138
37.239213,126.773149
37.239232,126.773161
37.239251,126.773174
37.239272,126.773187
37.23929,126.773199
37.23931,126.773212
37.239328,126.773224
37.239347,126.773236
37.239363,126.773246
37.23938266,126.7732614
37.23941216,126.7732793
37.23943586,126.773295
37.23946357,126.7733137
37.23948905,126.7733298
37.23951252,126.773345
37.23954024,126.7733643
37.23957153,126.7733844
37.23960014,126.7734031
37.23962651,126.7734206
37.23965289,126.7734362
37.23968194,126.7734577
37.239711,126.7734751
37.23973916,126.7734943
37.23976598,126.7735122
37.23978923,126.7735279
37.23981069,126.7735422
37.23983348,126.773556
37.23985494,126.7735708
37.23987685,126.7735846
37.23989786,126.7735989
37.23992021,126.7736128
37.23994211,126.7736276
37.2399667,126.7736428
37.23999173,126.7736593
37.24001542,126.7736758
37.24003643,126.7736897
37.24006326,126.7737067
37.24008695,126.7737232
37.24011466,126.7737411
37.24014104,126.773759
37.24016786,126.7737769
37.24019692,126.7737947
37.24022508,126.7738131
37.24025235,126.7738309
37.24028006,126.7738506
37.24031135,126.7738694
37.24033818,126.7738873
37.24036768,126.7739078
37.24039316,126.7739239
37.24041738,126.7739392
37.24043886,126.7739538
37.24045811,126.7739673
37.24047698,126.7739796
37.24049454,126.7739912
37.24052163,126.7740099
37.24055638,126.7740327
37.24058441,126.774051
37.24060982,126.77407
37.24063747,126.7740876
37.24066662,126.7741063
37.240696,126.774125
37.2407227,126.774141
37.240745,126.774156
37.240767,126.774175
37.240792,126.77419
37.240817,126.774206
37.240841,126.774221
37.240866,126.774236
37.240891,126.774251
37.240916,126.774266
37.240941,126.774281
37.240966,126.774295
37.2409928,126.77431
37.241017,126.774323
37.241043,126.774337
37.241068,126.774351
37.241095,126.774364
37.241122,126.774377
37.241149,126.774389
37.241175,126.774402
37.241203,126.774414
37.24123,126.774425
37.241257,126.774434
37.241285,126.774444
37.241313,126.774453
37.241341,126.774462
37.241369,126.774467
37.241397,126.774469
37.241467,126.774476
37.2414276,126.774472
37.24147788,126.7744773
37.2415059,126.7744777
37.24153393,126.7744803
37.24156868,126.7744807
37.24159932,126.7744807
37.24163445,126.7744803
37.2416692,126.7744814
37.24170657,126.7744964
37.24173684,126.7745125
37.241768,126.774523
37.241798,126.774531
37.2418306,126.774534
37.24186,126.774538
37.241888,126.774541
37.241914,126.774544
37.241939,126.774547
37.24197,126.774551
37.2420067,126.774554
37.242034,126.774553
37.242074,126.774553
37.242104,126.774554
37.242132,126.774549
37.24215723,126.7745446
37.24218264,126.7745446
37.24220805,126.7745442
37.24223906,126.7745438
37.24226634,126.7745423
37.24229287,126.7745409
37.2423209,126.7745397
37.2423478,126.7745386
37.24237658,126.7745379
37.24240199,126.7745364
37.2424274,126.774536
37.24245617,126.7745349
37.24248195,126.7745345
37.24250849,126.774533
37.24253913,126.7745323
37.24256566,126.7745319
37.24259555,126.7745334
37.24262433,126.7745382
37.24265497,126.7745498
37.24267739,126.7745655
37.24270317,126.7745943
37.24272186,126.7746335
37.24272933,126.7746739
37.2427297,126.7747113
37.24273045,126.7747512
37.24273195,126.7747912
37.24273344,126.7748331
37.24273232,126.7748734
37.24272223,126.7749175
37.24269196,126.7749508
37.24265534,126.7749571
37.24261573,126.7749601
37.24258023,126.7749609
37.24252829,126.7749642
37.2424685,126.7749654
37.24241133,126.7749672
37.24236312,126.7749695
37.24231641,126.7749713
37.24227381,126.7749728
37.24222636,126.7749743
37.24218376,126.7749762
37.24214228,126.7749773
37.24210753,126.7749796
37.24206717,126.774981
37.24203092,126.7749825
37.24199169,126.7749837
37.2419588,126.7749859
37.24192667,126.774987
37.24188556,126.774987
37.24184446,126.7749878
37.24180522,126.7749822
37.24177682,126.7749691
37.24175216,126.7749474
37.24173273,126.7749224
37.24172152,126.7748888
37.24171479,126.7748529
37.24171217,126.7748144
37.24171105,126.7747845
37.24171105,126.7747475
37.24171068,126.7747165
37.24170956,126.7746881
37.24170919,126.7746533
37.24170919,126.7746163
37.2417118,126.7745775
37.24172563,126.7745453
37.24175365,126.7745222
37.24178168,126.7745207
37.24181382,126.7745263
37.24184707,126.77453
37.2418751,126.7745326
37.2419035,126.7745364
37.24192853,126.7745397
37.24195544,126.7745442
37.2419887,126.7745472
37.24201747,126.7745494
37.24205446,126.7745483
37.2420891,126.774547
37.242119,126.774553
37.242145,126.774552
37.242172,126.774549
37.242196,126.77455
37.242224,126.774549
37.24225175,126.774548
37.242279,126.774547
37.242307,126.774546
37.242337,126.774545
37.242373,126.774543
37.242402,126.774542
37.242431,126.774542
37.242456,126.77454
37.242483,126.77454
37.242516,126.774539
37.242557,126.774534
37.242602,126.77453
37.24264,126.774529
37.24268299,126.7745285
37.24273381,126.7745263
37.24278837,126.774524
37.2428306,126.7745229
37.24287058,126.7745218
37.24291355,126.7745203
37.24295952,126.7745173
37.24300174,126.7745173
37.24303388,126.7745083
37.24305742,126.7744919
37.24308096,126.7744796
37.24310637,126.7744751
37.24313103,126.7744736
37.24315906,126.7744736
37.24318933,126.7744721
37.24322184,126.7744706
37.24325323,126.7744702
37.24328499,126.7744699
37.24331563,126.7744687
37.24334964,126.7744676
37.24339149,126.7744657
37.2434296,126.7744616
37.2434666,126.7744583
37.24350359,126.7744572
37.2435361,126.7744553
37.24357011,126.774453
37.24360673,126.7744504
37.24364223,126.7744478
37.24368408,126.7744452
37.24373453,126.7744411
37.24376423,126.774439
37.24378983,126.7744373
37.24381804,126.7744357
37.24384215,126.7744168
37.24386195,126.7743867
37.24387335,126.77436
37.24387914,126.7743275
37.24387148,126.7742972
37.24386886,126.7742666
37.24386812,126.7742354
37.24386718,126.7742021
37.24386662,126.7741713
37.24386588,126.7741392
37.24386494,126.7741081
37.24386401,126.7740749
37.24386345,126.7740469
37.24386214,126.7740156
37.24386214,126.7739872
37.24386176,126.7739587
37.24386102,126.7739265
37.24385952,126.7738912
37.2438584,126.7738578
37.2438556,126.7738277
37.24384887,126.7737954
37.24383897,126.7737647
37.24382683,126.7737416
37.24380926,126.7737176
37.24379226,126.7736997
37.2437704,126.7736844
37.24374648,126.7736745
37.24372257,126.7736698
37.24369884,126.7736687
37.24367268,126.7736691
37.24364634,126.7736696
37.24362205,126.7736706
37.24359365,126.7736711
37.24356058,126.773673
37.24352433,126.7736722
37.24348566,126.7736726
37.24344436,126.7736726
37.24340774,126.7736743
37.24336608,126.7736754
37.24332348,126.7736762
37.24328032,126.7736775
37.24323903,126.7736797
37.24319774,126.773681
37.24315532,126.7736829
37.24311982,126.773684
37.243086567,126.7736857
37.24305181,126.7736863
37.24301164,126.7736883
37.24297409,126.7736904
37.24293373,126.7736917
37.24289337,126.773693
37.24284872,126.773699
37.24281453,126.7737049
37.24277417,126.7737268
37.24275362,126.7737696
37.24274708,126.7738288
37.24274671,126.7738847
37.24274671,126.7739344
37.24274783,126.77398
37.24274895,126.7740319
37.24274988,126.7740764
37.24275194,126.7741322
37.24275212,126.7741808
37.24275287,126.7742281
37.24274857,126.774286
37.24272223,126.7743299
37.24268262,126.7743557
37.24263516,126.774365
37.24257799,126.7743718
37.2425197,126.7743688
37.24247448,126.774371
37.24241768,126.7743736
37.24236163,126.7743755
37.24230894,126.7743774
37.24225812,126.7743785
37.24220693,126.7743807
37.24215312,126.7743819
37.24209819,126.7743841
37.24203615,126.7743867
37.24198795,126.774389
37.24193825,126.7743897
37.24189154,126.7743919
37.24184595,126.7743934
37.24180858,126.7743946
37.24176897,126.7743949
37.2417275,126.7743946
37.24168789,126.7743944
37.24165257,126.7743938
37.24162156,126.774394
37.24158849,126.7743938
37.24155728,126.774394
37.24152365,126.7743934
37.24149507,126.7743929
37.24146405,126.774391
37.24143285,126.7743878
37.24140258,126.7743847
37.24137343,126.7743787
37.24134298,126.774371
37.24131084,126.7743611
37.24127422,126.7743475
37.24124078,126.774335
37.2412135,126.7743236
37.24118192,126.7743107
37.24114549,126.7742931
37.24110513,126.7742742
37.24107075,126.7742559
37.24103638,126.774238
37.24100685,126.7742229
37.24097547,126.7742047
37.24093941,126.774184
37.24090802,126.7741644
37.2408742,126.7741446
37.24084318,126.7741261
37.24081348,126.7741076
37.24078489,126.7740881
37.2407535,126.7740674
37.24072361,126.7740485
37.24069857,126.7740313
37.24066774,126.7740138
37.24063897,126.7739977
37.24060683,126.773982
37.24058161,126.7739682
37.2405519,126.7739525
37.24052369,126.773937
37.24049398,126.7739211
37.24046502,126.773905
37.2404411,126.773891
37.24041625,126.7738746
37.24039318,126.7738597
37.2403745,126.7738478
37.24035712,126.7738356
37.24033862,126.7738231
37.24032106,126.7738115
37.24030182,126.7738003
37.24028257,126.7737876
37.2402637,126.7737747
37.24024539,126.7737616
37.24022708,126.7737502
37.24021148,126.7737402
37.24019485,126.7737291
37.24017561,126.7737166
37.24015954,126.773706
37.24014104,126.7736931
37.2401246,126.773683
37.24010778,126.773672
37.24009265,126.7736624
37.24007583,126.7736514
37.24005976,126.7736406
37.24004071,126.7736282
37.24002427,126.7736178
37.24000838,126.7736077
37.23998989,126.7735948
37.23997008,126.7735828
37.23995102,126.7735696
37.2399329,126.7735576
37.23991347,126.7735449
37.2398946,126.7735322
37.23987629,126.7735216
37.2398619,126.7735124
37.23984453,126.7734997
37.23982771,126.7734881
37.23981033,126.7734773
37.23979314,126.7734655
37.23977539,126.7734537
37.23975559,126.773441
37.23973037,126.7734253
37.23970795,126.77341
37.2396831,126.7733934
37.23965881,126.7733782
37.23963601,126.7733631
37.23961154,126.773347
37.23959042,126.7733323
37.23956632,126.7733168
37.23954147,126.7733001
37.23951214,126.7732813
37.23948766,126.7732654
37.23946412,126.7732493
37.23943983,126.7732338
37.23941405,126.7732164
37.23938994,126.7732
37.23936024,126.7731817
37.23932511,126.7731596
37.239294,126.773138
37.239272,126.773124
37.239253,126.773111
37.239234,126.773099
37.2392162,126.773087
37.239198,126.773075
37.239181,126.773064
37.239165,126.773054
37.239148,126.773042
37.23913,126.77303
37.2391131,126.773019
37.239097,126.773008
37.23908,126.772997
37.239061,126.772985
37.239043,126.772973
37.239027,126.772963
37.239009,126.772951
37.238989,126.772938
37.238966,126.772923
37.238943,126.772907