37.238951,126.772977
37.23897,126.77299
37.238986,126.773
37.239005,126.773013
37.239025,126.773026
37.239041,126.773036
37.239056,126.773047
37.239076,126.77306
37.239096,126.773071
37.23911,126.773081
37.239126,126.773093
37.239141,126.773102
37.239158,126.773113
37.239169,126.773119
37.239178,126.773125
37.239187,126.773132
37.2391974,126.773138
37.239206,126.773144
37.239213,126.773149
37.239222,126.773154
37.239232,126.773161
37.239242,126.773167
37.239251,126.773174
37.239262,126.77318
37.239272,126.773187
37.2392801,126.773193
37.23929,126.773199
37.2393,126.773206
37.23931,126.773212
37.239319,126.773218
37.239328,126.773224
37.239337,126.77323
37.239347,126.773236
37.239356,126.773242
37.239363,126.773246
37.2393688,126.7732512
37.23938266,126.7732614
37.23939965,126.7732713
37.23941216,126.7732793
37.23942468,126.7732874
37.23943586,126.773295
37.23944927,126.7733044
37.23946357,126.7733137
37.23947654,126.7733209
37.23948905,126.7733298
37.2395,126.773337
37.23951252,126.773345
37.23952548,126.7733535
37.23954024,126.7733643
37.23955499,126.773375
37.23957153,126.7733844
37.23958494,126.7733929
37.23960014,126.7734031
37.23961355,126.7734112
37.23962651,126.7734206
37.23963769,126.7734282
37.23965289,126.7734362
37.23966853,126.7734483
37.23968194,126.7734577
37.23969625,126.7734662
37.239711,126.7734751
37.23972396,126.7734863
37.23973916,126.7734943
37.23975168,126.7735037
37.23976598,126.7735122
37.23977761,126.7735207
37.23978923,126.7735279
37.23979951,126.7735346
37.23981069,126.7735422
37.23982186,126.7735489
37.23983348,126.773556
37.23984466,126.7735641
37.23985494,126.7735708
37.23986567,126.7735779
37.23987685,126.7735846
37.23988757,126.7735918
37.23989786,126.7735989
37.23990993,126.7736056
37.23992021,126.7736128
37.23993183,126.7736208
37.23994211,126.7736276
37.23995284,126.7736352	
37.2399667,126.7736428
37.23997877,126.7736508
37.23999173,126.7736593
37.24000335,126.7736673
37.24001542,126.7736758
37.24002571,126.7736839
37.24003643,126.7736897
37.2400485,126.7736968
37.24006326,126.7737067
37.24007532,126.7737161
37.24008695,126.7737232
37.2401017,126.7737326
37.24011466,126.7737411
37.24012852,126.77375
37.24014104,126.773759
37.2401549,126.7737675
37.24016786,126.7737769
37.24018306,126.7737862
37.24019692,126.7737947
37.24021122,126.7738037
37.24022508,126.7738131
37.24023759,126.7738207
37.24025235,126.7738309
37.24026755,126.7738412
37.24028006,126.7738506
37.24029615,126.77386
37.24031135,126.7738694
37.24032566,126.7738792
37.24033818,126.7738873
37.24035382,126.7738976
37.24036768,126.7739078
37.2403802,126.7739159
37.24039316,126.7739239	
37.24040657,126.7739315
37.24041737595,126.773939231
37.24042896001,126.773946705
37.24043886251,126.773953805
37.24044895185,126.773960718
37.24045810699,126.773967257
37.24046894369,126.77397361
37.2404769778,126.773979588
37.2404859461,126.773985007
37.24049454072,126.773991173
37.24050425638,126.773997525
37.24052163247,126.774009856
37.240538074359,126.774021067
37.24055638464,126.774032651
37.24057058445,126.774041619
37.24058441058,126.774050961
37.240596742003,126.774059182
37.24060982077,126.774070019
37.24062588898,126.774080108	
37.24063747304,126.774087582
37.240652046534,126.774098045
37.24066662002,126.774106266
37.240681193516,126.774116355
37.24069614068,126.774125323
37.24070996682,126.774134665
37.24072454031,126.774143634
37.24073874012,126.774152602
37.2407499505,126.774160449
37.24076265559,126.774169418
37.24077797644,126.774179133
37.24079180257,126.774188101
37.24080450767,126.774195949
37.24081721276,126.774203796
37.24082954418,126.77421127
37.24084262295,126.774219864
37.24085308597,126.774225843
37.24086541739,126.774233317
37.24087812248,126.77424079
37.24089082758,126.774249385
37.24090428003,126.774257232
37.24091661145,126.774263958
37.2409319323,126.774272553
37.24094501107,126.774279279
37.24095696881,126.774286379
37.24096930022,126.774293853
37.240982379,126.774300953
37.24099471041,126.774307305
37.24100629447,126.774314031
37.24101787853,126.774320758
37.2410290889,126.774325989
37.2410399256,126.774331968
37.24105113598,126.774338694
37.24106683051,126.774345047
37.24107766721,126.774350278
37.24108850391,126.774356631
37.24110008796,126.774362236
37.24111765089,126.774370831
37.24113297174,126.774377931
37.24115202938,126.774386152
37.241168844953,126.774394372
37.24118715523,126.774401846
37.241202849765,126.774408946
37.24121817061,126.774415672
37.24123349146,126.774420904
37.24124657023,126.774426509
37.24126375948,126.774432488
37.24127945401,126.774437719
37.2412921591,126.774441082
37.24130897467,126.774447061
37.24132803231,126.774452666
37.24134297948,126.774457898
37.24135680562,126.774460887
37.24136988439,126.774464624
37.24138445788,126.77446724
37.24139828401,126.774469856
37.24141061543,126.774471724
37.24142444156,126.774473219
37.24143752034,126.774474713
37.24145134647,126.774475835
37.24146442524,126.774476582
37.241477877702,126.774477329
37.24149357223,126.774477703
37.24150590364,126.774477703
37.24151972977,126.774479198
37.24153392959,126.774480319
37.24155074515,126.774481066
37.24156868176,126.774480692
37.24158362893,126.774480319
37.24159932346,126.774480692
37.2416165127,126.774480692
37.24163444931,126.774480319
37.24165201223,126.774481066
37.24166920148,126.77448144
37.2416867644,126.774487792
37.24170656941,126.774496387
37.241720769222,126.774504234
37.24173683743,126.774512455
37.24175215828,126.774517313
37.24176897384,126.774519181
37.24178466837,126.774522171
37.24179961554,126.77452516
37.24181605743,126.774527029
37.24183212564,126.774527776
37.24184819385,126.774530018
37.24186276734,126.774531886
37.24187659347,126.774533755
37.24188892488,126.77453525
37.2419031247,126.774536744
37.24191508243,126.774538239
37.24192778753,126.77453936
37.24194011894,126.774541228
37.24195581347,126.774542723
37.241971508,126.774546086
37.24198869725,126.774547207
37.24200738121,126.774548328
37.24201896527,126.774548328
37.24203503348,126.774547581
37.24205932263,126.774548328
37.24207539084,126.774547955
37.24209071169,126.774547207
37.24210416414,126.774547207
37.24211799027,126.774547207
37.2421318164,126.77454646
37.242145268863,126.774545713
37.24215722659,126.774544592
37.24217180009,126.774544218
37.24218263678,126.774544592
37.24219608924,126.774544592
37.24220804697,126.774544218
37.24222411518,126.774544218
37.24223906235,126.774543844
37.242252514811,126.774542349
37.242266340943,126.774542349
37.24227979339,126.774541602
37.24229287217,126.774540855
37.24230520358,126.774540855
37.24232089811,126.774539734
37.24233435056,126.774539734
37.242347803022,126.774538613
37.24236200283,126.774538986
37.24237657632,126.774537865
37.24238853406,126.774537492
37.24240198651,126.774536371
37.24241581264,126.774535997
37.2424273967,126.774535997
37.24244159651,126.774535623
37.24245617,126.774534876
37.24246924878,126.77453525
37.24248195387,126.774534502
37.24249428529,126.774534128
37.2425084851,126.774533007
37.242523058596,126.774532634
37.2425391268,126.77453226
37.24255257925,126.77453226
37.24256565803,126.774531886
37.24258172624,126.77453226
37.24259555237,126.774533381
37.24261049954,126.774535623
37.24262432567,126.774538239
37.242640767563,126.774542349
37.24265496737,126.774549823
37.242667298791,126.774556923
37.242677388131,126.774565518
37.2426904669,126.774578596
37.242703172,126.774594291
37.24271288766,126.774612227
37.24272185596,126.774633527
37.24272858219,126.774654453
37.24272932954,126.774673885
37.24273045058,126.77469369
37.24272970322,126.774711252
37.24273045058,126.774730684
37.24273045058,126.774751236
37.24273157162,126.774771788
37.2427319453,126.77479122
37.24273119794,126.774811025
37.24273344002,126.774833072
37.24273231898,126.774852503
37.24273231898,126.774873429
37.2427300769,126.774896971
37.24272222964,126.774917523
37.24270802983,126.774936207
37.242691961622,126.774950781
37.2426725303,126.774956386
37.24265534105,126.774957133
37.242640020205,126.774958254
37.24261573105,126.774960123
37.2425985418,126.774960123
37.24258023152,126.77496087
37.2425570634,126.774962365
37.2425282901,126.774964233
37.24249989048,126.774964233
37.24246850142,126.774965354
37.24244309123,126.774966849
37.24241132849,126.774967223
37.24238816038,126.774968344
37.24236312387,126.774969465
37.24233846104,126.774970212
37.24231641396,126.774971333
37.242295114246,126.774971707
37.242273814529,126.774972828
37.242250646414,126.774972828
37.24222635726,126.774974323
37.2422039365,126.774975444
37.24218375782,126.774976191
37.24216208442,126.774977312
37.24214227942,126.774977312
37.2421247165,126.774978433
37.24210752725,126.774979554
37.24208846961,126.774979554
37.24206716989,126.774981049
37.24204885961,126.77498217
37.242030923,126.774982544
37.242011118,126.774982544
37.24199168668,126.774983665
37.24197449744,126.774984412
37.24195880291,126.774985907
37.24194348206,126.774985533
37.24192666649,126.774987028
37.24190760885,126.774987028
37.24188556177,126.774987028
37.24186538309,126.774988149
37.24184445705,126.774987775
37.24182539941,126.77498628
37.24180522073,126.77498217
37.24179027356,126.774976191
37.24177682111,126.774969091
37.24176374233,126.774959375
37.24175215828,126.774947418
37.241742816298,126.774936207
37.24173272695,126.774922381
37.24172525337,126.774904445
37.24172151658,126.77488875
37.2417174061,126.774868571
37.24171479035,126.774852877
37.24171366931,126.774832325
37.24171217459,126.774814388
37.24171254827,126.774796451
37.24171105356,126.774784494
37.24171105356,126.774765436
37.24171105356,126.774747499
37.24171105356,126.774732178
37.24171067988,126.774716484
37.24171067988,126.774703405
37.24170955884,126.774688084
37.24170918516,126.774670521
37.24170918516,126.774653332
37.24170955884,126.774634648
37.24170918516,126.774616338
37.24171142724,126.774595412
37.24171180091,126.774577475
37.24171553771,126.77455767
37.24172562705,126.774545339
37.24174020054,126.774531513
37.24175365299,126.774522171
37.24176897384,126.774520676
37.24178167894,126.774520676
37.24179662611,126.774523665
37.24181381535,126.774526281
37.24182950988,126.774527029
37.241847072812,126.774530018
37.24186052526,126.774531513
37.24187509875,126.774532634
37.24188892488,126.774535623
37.24190349838,126.774536371
37.241915456117,126.774538613
37.24192853489,126.774539734
37.2419404926279,126.774542349
37.24195543979,126.774544218
37.241971508,126.774545713
37.24198869725,126.774547207
37.24200588649,126.774548702
37.24201747055,126.774549449
37.24203391244,126.774547581
37.242054464802,126.774548328
37.24207277508,126.774547955
37.24208996433,126.774547581
37.24210416414,126.774548702
37.24211911131,126.774547581
37.24213219008,126.774547581
37.24214526886,126.774546834
37.24215722659,126.774544965
37.24217180009,126.774544965
37.24218263678,126.774545339
37.24219646292,126.774544592
37.24220916801,126.774544592
37.24222448886,126.774544592
37.24223906235,126.774544592
37.24225176745,126.774543097
37.24226671462,126.774542723
37.24227941971,126.774542349
37.2422939932,126.774540855
37.24230931405,126.774540481
37.24232538226,126.774540481
37.24234182415,126.77453936
37.242357145,126.774538986
37.24237321321,126.774537865
37.242387413024,126.774537492
37.24240123915,126.774535997
37.24241730736,126.774535997
37.242433375573,126.774536371
37.24245729104,126.774534502
37.24248008548,126.774534502
37.24249727472,126.774534502
37.24251707972,126.774533381
37.24253501633,126.774532634
37.24255183189,126.77453226
37.24256939482,126.774531513
37.24258135256,126.77453226
37.24259928916,126.774531513
37.24262133624,126.774529644
37.24263889916,126.774529271
37.24266206728,126.774528523
37.24268299332,126.774528523
37.24270690879,126.774528523
37.242733813699,126.774526281
37.24276146596,126.774527029
37.24278837087,126.774524039
37.24281153898,126.774525534
37.24283059662,126.774522918
37.24285002795,126.774522918
37.2428705803,126.774521797
37.24289113266,126.774520676
37.24291355342,126.774520302
37.24293896361,126.774519929
37.24295951597,126.774517313
37.242983057767,126.774517687
37.24300174173,126.774517313
37.24302042569,126.77451806
37.24303387814,126.774508345
37.24304434116,126.774500124
37.24305741994,126.774491903
37.243069751355,126.774485924
37.24308096173,126.774479571
37.2430940405,126.774475835
37.243106371923,126.774475087
37.24311870333,126.77447434
37.24313103475,126.774473592
37.24314411352,126.774473966
37.24315906069,126.774473592
37.24317363419,126.774473219
37.24318932871,126.774472098
37.243203154852,126.77447135
37.24322183881,126.774470603
37.24323865438,126.774470603
37.24325322787,126.774470229
37.24327079079,126.774469856
37.24328499061,126.774469856
37.24330068513,126.774468361
37.2433156323,126.774468735
37.24333319523,126.77446724
37.24334963712,126.774467614
37.24337131051,126.774466493
37.24339148919,126.774465745
37.2434075574,126.774464624
37.243429604484,126.774461635
37.24344567269,126.774461261
37.24346659873,126.774458272
37.24348490901,126.774459393
37.24350359297,126.774457151
37.24352003486,126.77445603
37.24353610307,126.774455282
37.243556281754,126.77445304
37.243570107886,126.77445304
37.2435895392,126.774451919
37.24360672845,126.774450424
37.24362429137,126.774448556
37.24364222798,126.774447809
37.243662032985,126.774447061
37.24368408006,126.774445193
37.24370351138,126.774443698
37.24373452676,126.774441082
37.24375096864,126.774439774
37.24376423426,126.774439027
37.24377619199,126.77443884
37.24378983129,126.774437346
37.2438021627,126.774436785
37.24381804407,126.774435664
37.24383000181,126.774427817
37.24384214638,126.774416793
37.24385204888,126.774402593
37.24386195139,126.774386712
37.24386867761,126.774375128
37.2438733486,126.774359994
37.24387895379,126.774340563
37.24387914063,126.774327484
37.24387540384,126.77431235
37.24387148021,126.774297216
37.24386961181,126.774281708
37.24386886445,126.774266574
37.24386886445,126.774252187
37.24386811709,126.774235372
37.24386736973,126.774218183
37.24386718289,126.774202114
37.243867182899,126.774187167
37.24386662238,126.774171286
37.24386587502,126.774156526
37.24386587502,126.77413915
37.24386550134,126.774124389
37.24386494082,126.774108134
37.24386400662,126.774090384
37.243864006625,126.774074877
37.24386381978,126.774060864
37.2438634461,126.774046851
37.24386307242,126.774031156
37.24386213822,126.774015649
37.24386213822,126.774001636
37.24386213822,126.773987249
37.24386176455,126.773972675
37.24386176455,126.773958662
37.24386120403,126.773944836
37.24386101719,126.773926526
37.243860082993,126.773906721
37.24385952247,126.773891213
37.24385914879,126.773874211
37.24385840143,126.773857769
37.24385690672,126.773841888
37.24385559884,126.773827688
37.24385279624,126.773812741
37.24384887261,126.773795365
37.24384494898,126.773779857
37.24383897011,126.773764723
37.24383336492,126.773752391
37.24382682553,126.773741555
37.24381860459,126.773728102
37.243809262614,126.773717639
37.243801975868,126.773707924
37.2437922602,126.773699703
37.24378067615,126.773690921
37.24377039997,126.773684382
37.24375862907,126.773678777
37.24374648449,126.773674479
37.243734526761,126.773671303
37.24372256902,126.773669808
37.24371042444,126.773668874
37.24369884039,126.773668687
37.24368688265,126.7736685
37.24367268284,126.773669061
37.24365941723,126.773669622
37.24364633845,126.773669622
37.24363531491,126.773670369
37.2436220493,126.773670556
37.24360728897,126.773670743
37.24359364968,126.773671116
37.24357720779,126.773671864
37.24356057906,126.773672985
37.24354507137,126.773672611
37.243524332177,126.773672237
37.24350396665,126.773672237
37.24348565637,126.773672611
37.24346547769,126.773672798
37.24344436481,126.773672611
37.24342848344,126.773672985
37.24340774424,126.773674293
37.24338793924,126.77367504
37.24336607901,126.773675414
37.24334440561,126.773675974
37.24332347957,126.773676161
37.24330143249,126.773676535
37.24328031961,126.773677469
37.24325995409,126.773678777
37.24323902806,126.773679711
37.24321679414,126.773681019
37.2431977365,126.773681019
37.24317662362,126.773682513
37.2431553239,126.773682887
37.24313682678,126.773683634
37.24311982437,126.773684008
37.24310319564,126.773685316
37.2430865669226,126.77368569
37.24306993819,126.773685877
37.24305181475,126.77368625
37.243030328193,126.773686998
37.24301164423,126.773688305
37.242993894465,126.77368924
37.24297408946,126.773690361
37.2429516687,126.773689987
37.2429337321,126.773691669
37.2429157955,126.773692229
37.242893374744,126.773692976
37.242870393469,126.773697834
37.24284872007,126.773698955
37.24283321238,126.773701011
37.24281452842,126.773704934
37.24279397606,126.773712781
37.24277417106,126.773726794
37.2427607186,126.773746973
37.2427536187,126.773769581
37.24274932138,126.773798915
37.24274707931,126.773828809
37.24274707931,126.773857769
37.24274670563,126.773884674
37.24274614511,126.773905226
37.24274670563,126.773934373
37.24274651879,126.773957168
37.24274782667,126.773979962
37.24274838719,126.774008175
37.2427489477,126.774031904
37.24275006874,126.774054324
37.2427498819,126.774076371
37.2427508161,126.774103276
37.24275193714,126.774132236
37.24275193714,126.774155778
37.242752123983,126.774180815
37.24275193714,126.774204357
37.24275287134,126.774228085
37.24275231082,126.77425088
37.24274857403,126.774286005
37.24273792417,126.774310855
37.24272222964,126.774329913
37.24270429303,126.774343739
37.24268261964,126.774355697
37.24265758313,126.774362423
37.24263516237,126.774365039
37.24260975218,126.774368402
37.24257798944,126.774371765
37.24254697406,126.774368775
37.24251969548,126.774368775
37.242498769444,126.774371017
37.242474480292,126.774371017
37.24244495963,126.77437326
37.24241768104,126.774373633
37.24238890774,126.774374007
37.24236162915,126.774375502
37.24233360321,126.774375875
37.24230894037,126.77437737
37.242284277548,126.774376996
37.24225812,126.774378491
37.24223084141,126.774379238
37.242206925941,126.774380733
37.24218002103,126.774381481
37.24215311612,126.774381854
37.242125090183,126.774383349
37.24209818527,126.774384096
37.2420701593316,126.774385591
37.24203615451,126.774386712
37.24201261272,126.774387086
37.24198794989,126.774388954
37.241964781779,126.774389328
37.24193825055,126.774389701
37.24191620347,126.774391196
37.24189154064,126.774391944
37.24186911988,126.774392691
37.24184595177,126.774393438
37.24182577309,126.774393438
37.24180858384,126.774394559
37.24178803148,126.774394186
37.24176897384,126.774394933
37.2417499162,126.774394186
37.24172749544,126.774394559
37.24170283261,126.774394559
37.24168788544,126.774394372
37.24166864096,126.774393999
37.24165257275,126.774393812
37.24163687822,126.774394372
37.24162155737,126.774393999
37.24160679704,126.774393999
37.24158848676,126.774393812
37.24157260539,126.774394372
37.24155728454,126.774393999
37.24154065581,126.774393625
37.24152365341,126.774393438
37.24151113515,126.774393438
37.24149506694,126.774392878
37.241480119777,126.774391944
37.24146405156,126.774391009
37.241450972795,126.774389515
37.24143284935,126.774387833
37.2414156601,126.774385965
37.24140258133,126.774384657
37.24138726048,126.774382415
37.24137343434,126.774378678
37.24135755298,126.774374567
37.241342979488,126.774371017
37.24132728495,126.774365039
37.24131084307,126.774361115
37.2412940275,126.774354762
37.2412742225,126.774347476
37.241257780617,126.774341497
37.24124077821,126.774334957
37.24122657839,126.774328792
37.24121349962,126.77432356
37.24119911297,126.774317955
37.24118192372,126.774310668
37.24116473448,126.774301887
37.24114548999,126.774293105
37.24112325608,126.774281708
37.24110513263,126.774274235
37.24108906443,126.774266014
37.24107075414,126.774255924
37.24105300438,126.774246769
37.24103637565,126.774237988
37.2410210548,126.774229954
37.24100685499,126.774222854
37.240990973624,126.774213512
37.24097546593,126.77420473
37.24095921088,126.774195388
37.24093940588,126.774183991
37.240925019235,126.774174275
37.24090801682,126.774164373
37.240889332865,126.774153536
37.24087419885,126.774144568
37.24086130692,126.774136534
37.24084318347,126.774126071
37.240827115268,126.774115795
37.24081347597,126.774107574
37.24079796828,126.774096737
37.24078488951,126.774088142
37.24077106337,126.774078427
37.24075350045,126.774067403
37.240738926962,126.774058435
37.24072360611,126.774048532
37.24071052733,126.774040311
37.2406985696,126.774031343
37.24068250139,126.774021814
37.24066774106,126.77401378
37.24065298073,126.774005746
37.24063896776,126.773997712
37.24062439426,126.773990799
37.24060683134,126.773982017
37.24059449992,126.773974731
37.240581607993,126.773968191
37.24056591346,126.77395941
37.24055190049,126.773952497
37.24053807435,126.773944463
37.2405236877,126.773936989
37.24050874053,126.773928768
37.2404939802,126.773921108
37.24047921987,126.773912326
37.24046502006,126.773905039
37.24045194129,126.773898313
37.24044110459,126.773891026
37.24043064157,126.773883927
37.24041625492,126.773874585
37.2404020551,126.773865243
37.24039318022,126.773859731
37.24038421192,126.773853939
37.24037449626,126.773847773
37.2403662753194,126.773842355
37.24035712017,126.773835629
37.24034852555,126.773829463
37.24033862305,126.77382311
37.24033021527,126.773817879
37.24032106012,126.773811526
37.2403105971,126.773804239
37.24030181564,126.773800316
37.24029209998,126.773793403
37.240282571164,126.773787611
37.24027341602,126.773781071
37.24026370036,126.773774719
37.24025417154,126.773769114
37.24024539007,126.77376164
37.24023698229,126.773756035
37.24022707979,126.773750243
37.24021923253,126.773745292
37.24021147868,126.773740247
37.240203257741,126.773734829
37.24019484995,126.77372913
37.24018532113,126.773723151
37.24017560547,126.773716612
37.24016831873,126.773711941
37.24015953726,126.773705962
37.24015019528,126.77370017
37.24014104014,126.77369307
37.24013207184,126.773688025
37.24012459825,126.773682981
37.240117124671,126.773677562
37.24010778269,126.773671957
37.24010012226,126.773666726
37.24009264868,126.773662428
37.240084614576,126.773656823
37.24007583311,126.773651405
37.24006630429,126.773644865
37.2400597649,126.773640568
37.24005191764,126.77363515
37.24004070726,126.773628237
37.24003304683,126.773622818
37.240024265375,126.773617774
37.24001492339,126.773612168
37.240008384,126.773607684
37.23999960254,126.773600958
37.23998988688,126.773594792
37.23998035806,126.773588253
37.23997008188,126.773582835
37.2399598057,126.773574987
37.23995102424,126.773569569
37.23994149541,126.77356303
37.23993290079,126.773557611
37.23992281145,126.773551259
37.23991346947,126.773544906
37.23990412749,126.77353874
37.23989459867,126.773532201
37.23988432249,126.773526035
37.23987628838,126.773521551
37.23986937532,126.77351688
37.23986190173,126.773512396
37.23985349395,126.77350623
37.23984452565,126.773499691
37.23983518366,126.773493338
37.23982771008,126.773488107
37.23981911546,126.773482875
37.23981033399,126.77347727
37.23980211305,126.773471291
37.239793144752,126.773465499
37.23978342909,126.773459707
37.23977539498,126.773453728
37.23976567932,126.773447936
37.23975558998,126.773441023
37.23974101649,126.773430934
37.23973036663,126.773425329
37.23971952993,126.773417481
37.23970794588,126.773410008
37.23969561446,126.773401413
37.2396830962,126.773393379
37.23967188583,126.773386466
37.23965880705,126.773378245
37.239648717717,126.773371519
37.23963601262,126.773363111
37.23962349436,126.773354143
37.239611536631,126.773347043
37.23960200781,126.773339943
37.23959042375,126.773332283
37.23957846601,126.773324435
37.23956632144,126.773316775
37.23955380318,126.773308741
37.23954147176,126.773300146
37.23952671143,126.773290617
37.23951213794,126.773281275
37.23950092756,126.773273054
37.239487661956,126.773265394
37.23947589105,126.773257734
37.23946412016,126.773249326
37.23945309662,126.773242786
37.23943983101,126.773233818
37.23942712591,126.773225597
37.23941404714,126.773216442
37.23940190256,126.773208595
37.23938994482,126.7732
37.23937443713,126.773191779
37.23936023732,126.77318169
37.23934454279,126.7731716
37.23932511147,126.773159643
37.23930904326,126.773147685