37.2389255,126.7729596
37.2389524,126.7729771
37.2389663,126.7729862
37.2389799,126.7729951
37.2389954,126.7730053
37.239011,126.7730156
37.2390269,126.7730258
37.2390418,126.7730357
37.2390575,126.7730462
37.2390761,126.7730585
37.2390968,126.7730719
37.2391107,126.7730809
37.2391242,126.7730898
37.2391461,126.7731039
37.2391617,126.773114
37.2391764,126.7731237
37.239191,126.7731334
37.2392085,126.7731447
37.2392224,126.7731536
37.2392366,126.7731629
37.2392516,126.7731728
37.2392658,126.7731819
37.2392797,126.7731908
37.2392941,126.7732003
37.2393116,126.773212
37.2393259,126.7732214
37.2393456,126.773234
37.239364,126.7732458
37.2393808,126.7732568
37.2393941,126.7732657
37.2394124,126.7732779
37.2394266,126.7732873
37.2394454,126.7732999
37.2394625,126.7733113
37.2394766,126.7733207
37.2394903,126.7733301
37.2395089,126.7733429
37.2395256,126.7733542
37.2395417,126.7733649
37.2395589,126.7733763
37.2395759,126.7733876
37.2395916,126.7733978
37.239608,126.7734084
37.2396218,126.7734174
37.2396344,126.7734255
37.2396486,126.7734337
37.2396572,126.7734466
37.2396769,126.7734582
37.2397065,126.7734748
37.2397183,126.773481
37.239737,126.7734948
37.2397511,126.7735041
37.2397592,126.7735095
37.2397801,126.7735239
37.2397939,126.7735326
37.2398089,126.7735422
37.2398269,126.7735518
37.2398399,126.7735619
37.2398588,126.7735738
37.2398763,126.7735853
37.2398955,126.773598
37.2399262,126.7736175
37.2399479,126.773635
37.2399657,126.7736429
37.2399854,126.7736592
37.2400102,126.7736739
37.2400263,126.7736855
37.2400523,126.773701
37.2400745,126.7737165
37.2400923,126.7737261
37.2401092,126.7737385
37.2401219,126.7737464
37.2401411,126.7737585
37.2401617,126.7737732
37.2401806,126.7737842
37.2402009,126.7737994
37.2402217,126.7738118
37.2402406,126.7738239
37.2402612,126.7738389
37.2402821,126.7738507
37.2403038,126.7738659
37.2403241,126.7738795
37.240343,126.7738922
37.240363,126.7739051
37.2403786,126.7739185
37.2404104,126.7739343
37.2404495,126.7739682
37.2404934,126.7739962
37.2405478,126.7740285
37.2406007,126.7740676
37.2406599,126.7741062
37.2407255,126.7741464
37.2407784,126.7741802
37.2408265,126.774213
37.2408747,126.7742419
37.2409524,126.7742855
37.2410095,126.7743204
37.2410975,126.7743649
37.24118,126.7743998
37.2412475,126.7744287
37.2413117,126.7744462
37.2413847,126.77447
37.2415092,126.7744747
37.2416107,126.774485
37.2416861,126.7744819
37.2417662,126.7744787
37.2418479,126.774493
37.241932,126.7745041
37.2420374,126.7745088
37.2421223,126.7745041
37.242194,126.774548
37.242235,126.774542
37.242291,126.774537
37.24234,126.774538
37.242394,126.774537
37.242474,126.774536
37.242534,126.774530
37.24219,126.7745419
37.24225,126.7745413
37.2422972,126.7745391
37.2423595,126.7745385
37.2424185,126.7745357
37.2424892,126.7745335
37.2425679,126.774529
37.2426476,126.7745469
37.2426976,126.7745952
37.2427262,126.7746789
37.2427245,126.774753
37.2427296,126.7748249
37.24272,126.7749052
37.2426914,126.7749546
37.242638,126.7749597
37.2425926,126.774958
37.2425415,126.7749647
37.2424977,126.7749653
37.2424511,126.774963
37.2424011,126.7749658
37.2423517,126.7749692
37.2422955,126.7749709
37.2422382,126.7749754
37.2421787,126.7749737
37.2421282,126.7749787
37.2420703,126.7749782
37.2420164,126.7749838
37.2419558,126.7749832
37.2419025,126.7749872
37.2418474,126.7749855
37.2417907,126.7749804
37.2417469,126.7749434
37.2417194,126.7748838
37.241711,126.7748266
37.2417087,126.774776
37.2417054,126.7747019
37.241707,126.7746261
37.2417143,126.7745554
37.2417565,126.7745194
37.2418098,126.7745273
37.2418856,126.7745357
37.2419558,126.7745441
37.2420254,126.7745469
37.2420855,126.7745486
37.2421467,126.7745458
37.2421574,126.7745065
37.2422298,126.7745048
37.2422775,126.7745026
37.2423449,126.7745031
37.2423724,126.7744958
37.2424264,126.7744964
37.2424943,126.7744941
37.2425819,126.7744897
37.242642,126.7744902
37.2427155,126.774488
37.2427846,126.7744852
37.2428565,126.7744829
37.2429373,126.774479
37.2430289,126.7744779
37.2430974,126.7744751
37.2431715,126.7744739
37.2432394,126.7744728
37.2433158,126.7744689
37.2433922,126.7744678
37.2434495,126.774461
37.2435241,126.7744571
37.243587,126.7744509
37.2436516,126.7744487
37.2437594,126.7744397
37.2438285,126.7744209
37.2438619,126.7743785
37.2438695,126.7743271
37.2438672,126.7742825
37.2438647,126.7742387
37.243863,126.7741918
37.2438611,126.7741519
37.2438608,126.7741143
37.2438633,126.7740845
37.2438616,126.774039
37.2438602,126.7740025
37.2438596,126.7739742
37.2438591,126.7739371
37.2438574,126.773902
37.243856,126.7738585
37.2438529,126.7738257
37.2438465,126.773792
37.2438347,126.7737608
37.2438147,126.7737279
37.2437909,126.7737013
37.2437706,126.7736856
37.2437414,126.7736732
37.2437162,126.773669
37.2436887,126.7736676
37.2436735,126.7736693
37.2436541,126.7736693
37.2436339,126.7736701
37.2436042,126.773671
37.2435733,126.7736749
37.2435385,126.7736738
37.2435045,126.7736721
37.2434744,126.7736712
37.2434396,126.7736724
37.2434082,126.7736732
37.243379,126.773674
37.2433509,126.7736763
37.243322,126.7736754
37.2432942,126.773678
37.2432602,126.7736794
37.2432243,126.7736788
37.2431867,126.7736813
37.243153,126.7736839
37.2431243,126.7736839
37.2430892,126.7736858
37.2430533,126.7736867
37.2430193,126.7736884
37.2429724,126.7736909
37.2429404,126.7736917
37.242902,126.7736931
37.2428458,126.7736987
37.2428082,126.7737052
37.2427753,126.773724
37.2427529,126.7737594
37.2427456,126.7737939
37.2427436,126.7738467
37.2427431,126.7738843
37.2427461,126.7739177
37.2427445,126.7739458
37.2427422,126.7739885
37.2427453,126.7740183
37.2427467,126.7740475
37.2427481,126.7740831
37.2427473,126.7741157
37.2427498,126.7741452
37.2427492,126.7741817
37.2427492,126.7742196
37.2427175,126.774283
37.2426922,126.7743201
37.2426496,126.7743515
37.2426046,126.7743678
37.2425322,126.7743701
37.2424772,126.7743717
37.2424238,126.7743717
37.2423564,126.7743745
37.2423059,126.7743774
37.242252,126.7743785
37.2421897,126.7743796
37.2421391,126.7743824
37.2420875,126.7743841
37.2420246,126.7743858
37.2419578,126.7743891
37.2418926,126.7743903
37.2418196,126.7743936
37.2417354,126.7743959
37.2416231,126.7743925
37.2415192,126.7743948
37.241467,126.7743917
37.2414316,126.7743877
37.241399,126.7743841
37.2413654,126.7743802
37.2413331,126.7743689
37.2413072,126.7743622
37.2412744,126.7743484
37.2412528,126.7743397
37.2412241,126.7743327
37.2411952,126.7743156
37.241173,126.7743072
37.2411407,126.774299
37.2411006,126.7742723
37.241059,126.7742488
37.2410228,126.7742333
37.2409945,126.7742198
37.2409619,126.7741965
37.2409268,126.7741758
37.2408855,126.774153
37.240856,126.7741339
37.2408137,126.7741109
37.2407802,126.7740856
37.2407421,126.7740609
37.2407019,126.7740365
37.2406564,126.7740067
37.2406188,126.7739834
37.2405775,126.7739663
37.2405388,126.7739458
37.2405116,126.7739293
37.2404633,126.7739051
37.2404259,126.7738821
37.2403995,126.7738644
37.2403698,126.7738467
37.2403347,126.7738223
37.2402973,126.773799
37.2402575,126.7737751
37.2402241,126.7737507
37.2401957,126.7737296
37.2401682,126.7737133
37.2401336,126.7736929
37.2401011,126.7736701
37.2400632,126.773644
37.2400281,126.7736213
37.2399784,126.773589
37.239938,126.773562
37.2399068,126.7735404
37.2398593,126.7735098
37.2398068,126.7734775
37.2397729,126.7734536
37.2397347,126.7734281
37.239687,126.7733981
37.2396538,126.7733762
37.2396252,126.7733573
37.2396016,126.7733402
37.2395724,126.7733211
37.2395387,126.7733009
37.2395059,126.7732799
37.2394727,126.7732571
37.2394388,126.7732332
37.2394039,126.7732099
37.2393795,126.7731959
37.2393377,126.773167
37.2392964,126.7731412
37.2392487,126.7731103
37.2392133,126.7730872
37.2391805,126.7730637
37.2391406,126.7730406
37.2391052,126.7730154
37.2390718,126.7729938
37.2390409,126.7729721
37.2390123,126.7729539