37.238951,126.772977
37.238986,126.773
37.239025,126.773026
37.239056,126.773047
37.239096,126.773071
37.239126,126.773093
37.239158,126.773113
37.239197,126.773138
37.239232,126.773161
37.239251,126.773174
37.239272,126.773187
37.23929,126.773199
37.23931,126.773212
37.239328,126.773224
37.239347,126.773236
37.239382,126.7732614
37.239412,126.7732793
37.239435,126.773295
37.239463,126.7733137
37.239489,126.7733298
37.239512,126.773345
37.239540,126.7733643
37.239571,126.7733844
37.239600,126.7734031
37.239626,126.7734206
37.239652,126.7734362
37.239681,126.7734577
37.239711,126.7734751
37.239739,126.7734943
37.239765,126.7735122
37.239789,126.7735279
37.239810,126.7735422
37.239833,126.773556
37.239854,126.7735708
37.239876,126.7735846
37.239897,126.7735989
37.239920,126.7736128
37.239942,126.7736276
37.239966,126.7736428
37.239991,126.7736593
37.240015,126.7736758
37.240036,126.7736897
37.240063,126.7737067
37.240086,126.7737232
37.240114,126.7737411
37.240141,126.773759
37.240167,126.7737769
37.240196,126.7737947
37.240225,126.7738131
37.240252,126.7738309
37.240280,126.7738506
37.240311,126.7738694
37.240338,126.7738873
37.240367,126.7739078
37.240393,126.7739239
37.240417,126.7739392
37.240438,126.7739538
37.240458,126.7739673
37.240476,126.7739796
37.240494,126.7739912
37.240521,126.7740099
37.240556,126.7740327
37.240584,126.774051
37.240609,126.77407
37.240637,126.7740876
37.240666,126.7741063
37.240696,126.774125
37.240722,126.774141
37.240745,126.774156
37.240767,126.774175
37.240792,126.77419
37.240817,126.774206
37.240841,126.774221
37.240866,126.774236
37.240891,126.774251
37.240916,126.774266
37.240941,126.774281
37.240966,126.774295
37.240992,126.77431
37.241017,126.774323
37.241043,126.774337
37.241068,126.774351
37.241095,126.774364
37.241122,126.774377
37.241149,126.774389
37.241175,126.774402
37.241203,126.774414
37.24123,126.774425
37.241257,126.774434
37.241285,126.774444
37.241313,126.774453
37.241341,126.774462
37.241369,126.774467
37.241397,126.774469
37.241427,126.774472
37.241466,126.7744759
37.241500,126.7744777
37.241533,126.7744803
37.241568,126.7744807
37.241599,126.7744807
37.241634,126.7744803
37.241669,126.7744814
37.241705,126.774496
37.241737,126.774512
37.241763,126.774522
37.241798,126.774528
37.241829,126.774533
37.241859,126.774538
37.241888,126.774541
37.241914,126.774544
37.241939,126.774546
37.24197,126.77455
37.242006,126.774554
37.242034,126.774552
37.242073,126.774552
37.242103,126.774553
37.242132,126.774549
37.242168,126.774549
37.242195,126.774547
37.242224,126.774546
37.24225,126.774545
37.242278,126.774544
37.242305,126.774543
37.242335,126.774541
37.242372,126.77454
37.242401,126.774538
37.242429,126.774535
37.242455,126.774535
37.242482,126.774534
37.242507,126.774532
37.242539,126.774531
37.242565,126.774531
37.242594,126.774529
37.242624,126.774534
37.242655,126.774544
37.24268,126.774561
37.242705,126.774592
37.242721,126.774631
37.242729,126.774669
37.24273,126.774698
37.24273,126.774736
37.242731,126.774774
37.242731,126.774812
37.242732,126.77485
37.242733,126.774884
37.242732,126.774907
37.242725,126.774929
37.242714,126.774944
37.242697,126.774952
37.242676,126.774956
37.242652,126.774957
37.242628,126.774958
37.242602,126.774959
37.242567,126.77496
37.242543,126.774962
37.24251,126.774963
37.242491,126.774963
37.242468,126.774963
37.242411,126.774965
37.242362,126.774967
37.242316,126.77497
37.242272,126.774972
37.242225,126.774973
37.242182,126.774975
37.242142,126.774977
37.242107,126.774978
37.242066,126.77498
37.24203,126.774981
37.241991,126.774982
37.241957,126.774983
37.241925,126.774984
37.241884,126.774983
37.241844,126.774982
37.241807,126.774975
37.241777,126.774965
37.241755,126.774945
37.241739,126.774919
37.241726,126.774887
37.241718,126.774852
37.241718,126.774814
37.241717,126.774785
37.241716,126.774747
37.241715,126.774716
37.241715,126.774688
37.241714,126.774654
37.24171,126.774617
37.24171,126.774576
37.24172,126.774542
37.24176,126.774519
37.241796,126.774523
37.24183,126.774528
37.241860,126.774531
37.241888,126.774535
37.241914,126.774538
37.241941,126.774541
37.24197,126.774545
37.242005,126.774548
37.242033,126.77455
37.242073,126.774551
37.242103,126.774552
37.242132,126.77455
37.242168,126.774548
37.242194,126.774547
37.242224,126.774547
37.24225,126.774546
37.242279,126.774544
37.242305,126.774543
37.242336,126.774542
37.242371,126.77454
37.242401,126.774539
37.242429,126.774536
37.242456,126.774535
37.242481,126.774534
37.242507,126.774533
37.242538,126.774531
37.242565,126.774531
37.242596,126.77453
37.242632,126.774529
37.242663,126.774529
37.2427,126.774527
37.242743,126.774526
37.242783,126.774524
37.24283,126.774523
37.242872,126.774522
37.242913,126.7745203
37.242959,126.7745173
37.243001,126.7745173
37.243033,126.7745083
37.243057,126.7744919
37.24308,126.7744796
37.243106,126.7744751
37.243131,126.7744736
37.243159,126.7744736
37.243189,126.7744721
37.243221,126.7744706
37.243253,126.7744702
37.243284,126.7744699
37.243315,126.7744687
37.243349,126.7744676
37.243391,126.7744657
37.243429,126.7744616
37.243466,126.7744583
37.243503,126.7744572
37.243536,126.7744553
37.24357,126.774453
37.243606,126.7744504
37.243642,126.7744478
37.243684,126.7744452
37.243734,126.7744411
37.243764,126.774439
37.243789,126.7744373
37.243818,126.7744357
37.243842,126.7744168
37.243861,126.7743867
37.243873,126.77436
37.243879,126.7743275
37.243873,126.774296
37.243872,126.774267
37.243870,126.774235
37.243871,126.774202
37.243868,126.774171
37.243867,126.774138
37.243867,126.774108
37.243867,126.774074
37.243867,126.774046
37.243865,126.774015
37.243865,126.773987
37.243864,126.773959
37.243864,126.773926
37.243863,126.773891
37.243862,126.773857
37.243859,126.773827
37.243852,126.773793
37.243840,126.773764
37.243826,126.7737416
37.243809,126.7737176
37.243792,126.7736997
37.24377,126.7736844
37.243746,126.7736745
37.243722,126.7736698
37.243698,126.7736687
37.243672,126.7736691
37.243646,126.7736696
37.243622,126.7736706
37.243593,126.7736711
37.24356,126.773673
37.243524,126.7736722
37.243485,126.7736726
37.243444,126.7736726
37.243407,126.7736743
37.243366,126.7736754
37.243323,126.7736762
37.24328,126.7736775
37.243239,126.7736797
37.243197,126.773681
37.243155,126.7736829
37.243119,126.773684
37.243086,126.7736857
37.243051,126.7736863
37.243011,126.7736883
37.242974,126.7736904
37.242933,126.7736917
37.242893,126.773693
37.242848,126.773699
37.242814,126.7737049
37.242774,126.7737268
37.242753,126.7737696
37.242747,126.7738288
37.242746,126.7738847
37.242746,126.7739344
37.242732,126.77398
37.242724,126.774032
37.242716,126.77408
37.242718,126.774134
37.242719,126.774185
37.242721,126.774234
37.242716,126.774284
37.242698,126.774315
37.24267,126.774343
37.242635,126.774365
37.242577,126.7743718
37.242519,126.7743688
37.242474,126.774371
37.242417,126.7743736
37.242361,126.7743755
37.242308,126.7743774
37.242258,126.7743785
37.242206,126.7743807
37.242153,126.7743819
37.242098,126.7743841
37.242036,126.7743867
37.241987,126.774389
37.241938,126.7743897
37.241891,126.7743919
37.241845,126.7743934
37.241808,126.7743946
37.241768,126.7743949
37.241727,126.7743946
37.241687,126.7743944
37.241652,126.7743938
37.241621,126.774394
37.241588,126.7743938
37.241557,126.774394
37.241523,126.7743934
37.241495,126.7743929
37.241464,126.774391
37.241432,126.7743878
37.241402,126.7743847
37.241373,126.7743787
37.241342,126.774371
37.24131,126.7743611
37.241274,126.7743475
37.24124,126.774335
37.241213,126.7743236
37.241181,126.7743107
37.241145,126.7742931
37.241105,126.7742742
37.24107,126.7742559
37.241036,126.774238
37.241006,126.7742229
37.240975,126.7742047
37.240939,126.774184
37.240908,126.7741644
37.240874,126.7741446
37.240843,126.7741261
37.240813,126.7741076
37.240784,126.7740881
37.240753,126.7740674
37.240723,126.7740485
37.240698,126.7740313
37.240667,126.7740138
37.240638,126.7739977
37.240606,126.773982
37.240581,126.7739682
37.240551,126.7739525
37.240523,126.773937
37.240493,126.7739211
37.240465,126.773905
37.240441,126.773891
37.240416,126.7738746
37.240393,126.7738597
37.240374,126.7738478
37.240357,126.7738356
37.240338,126.7738231
37.240321,126.7738115
37.240301,126.7738003
37.240282,126.7737876
37.240263,126.7737747
37.240245,126.7737616
37.240227,126.7737502
37.240211,126.7737402
37.240194,126.7737291
37.240175,126.7737166
37.240159,126.773706
37.240141,126.7736931
37.240124,126.773683
37.240107,126.773672
37.240092,126.7736624
37.240075,126.7736514
37.240059,126.7736406
37.24004,126.7736282
37.240024,126.7736178
37.240008,126.7736077
37.239989,126.7735948
37.23997,126.7735828
37.239951,126.7735696
37.239932,126.7735576
37.239913,126.7735449
37.239894,126.7735322
37.239876,126.7735216
37.239861,126.7735124
37.239844,126.7734997
37.239827,126.7734881
37.23981,126.7734773
37.239793,126.7734655
37.239775,126.7734537
37.239755,126.773441
37.23973,126.7734253
37.239707,126.77341
37.239683,126.7733934
37.239658,126.7733782
37.239636,126.7733631
37.239611,126.773347
37.23959,126.7733323
37.239566,126.7733168
37.239541,126.7733001
37.239512,126.7732813
37.239487,126.7732654
37.239464,126.7732493
37.239439,126.7732338
37.239414,126.7732164
37.239389,126.7732
37.23936,126.7731817
37.239325,126.7731596
37.239294,126.773138
37.239272,126.773124
37.239253,126.773111
37.239234,126.773099
37.239216,126.773087
37.239198,126.773075
37.239181,126.773064
37.239165,126.773054
37.239148,126.773042
37.23913,126.77303
37.239113,126.773019
37.239097,126.773008
37.23908,126.772997
37.239061,126.772985
37.239043,126.772973
37.239027,126.772963
37.239009,126.772951
37.238989,126.772938
37.238966,126.772923
37.238943,126.772907