37.2415772,126.7745366
37.2415772,126.7745366
37.2415779,126.7745365
37.2415839,126.7745359
37.2415912,126.7745353
37.2415977,126.7745347
37.2416048,126.7745341
37.2416113,126.7745337
37.2416195,126.7745332
37.2416257,126.7745322
37.2416342,126.7745318
37.2416422,126.7745314
37.2416509,126.7745311
37.2416606,126.7745309
37.2416705,126.7745308
37.2416805,126.7745311
37.2416897,126.7745332
37.2416975,126.7745359
37.2417053,126.7745388
37.2417127,126.7745414
37.2417216,126.7745443
37.2417314,126.7745466
37.2417417,126.7745484
37.2417512,126.7745494
37.2417612,126.7745506
37.2417702,126.7745518
37.2417763,126.7745526
37.241776,126.7745525
37.241776,126.7745525
37.241776,126.7745525
37.241776,126.7745525
